8
0 12 10 19 8 15 25 30
12 0 8 12 20 18 22 28
10 8 0 9 21 16 24 26
19 12 9 0 23 14 27 35
8 20 21 23 0 22 31 29
15 18 16 14 22 0 17 33
25 22 24 27 31 17 0 11
30 28 26 35 29 33 11 0